-0.706956 -0.148371 0.379458 -0.140957 0.226862 -0.238822 -0.020818 0.044512 0.164746 -0.141789 0.026730 0.115289 0.041348 0.135558 -0.101164 -0.042930 0.041534 0.085844 0.069675 0.046968 0.080481 -0.031313 0.067747 -0.022450 0.038455 0.052688 -0.020357 -0.031278 0.064877 0.145418 -0.087856 -0.004646 0.094482 0.026192 0.016861 -0.068170 0.112048 0.137293 -0.025621 -0.015599 0.068438 0.010551 -0.068437
-0.672866 -0.162459 0.301186 -0.020275 0.199993 -0.188701 -0.008014 0.000753 0.047813 -0.172871 0.028781 0.092902 0.005072 0.096341 -0.221336 0.025044 0.030919 0.012849 -0.003309 -0.018271 -0.032081 -0.027099 0.053956 -0.024834 0.026939 0.069867 0.020271 -0.127441 0.182082 0.134727 -0.069056 0.020290 0.033081 0.063468 -0.010561 -0.045551 0.163031 0.073962 -0.101916 0.017922 0.133221 -0.059147 -0.053419
-0.750176 -0.035143 0.314441 -0.098305 0.164524 -0.167589 0.011055 0.066668 0.040442 -0.137348 -0.088665 0.225847 0.015622 -0.015107 -0.134000 -0.019990 0.088981 0.024034 0.146433 0.051676 0.067198 0.071658 0.077128 0.011389 0.097839 0.054296 0.023614 -0.039086 0.075535 0.150503 -0.041542 -0.038007 0.044700 0.097780 0.076234 0.028916 0.165032 0.116643 -0.007922 0.045276 0.073958 0.054942 -0.036401
-0.643261 -0.137958 0.183060 -0.044878 0.090062 -0.302789 -0.032941 -0.025750 0.037153 -0.132093 -0.034989 -0.050330 0.046934 0.017302 -0.259925 0.093833 0.057172 -0.002729 -0.037335 0.002999 0.015181 0.027091 0.002069 -0.043490 0.085605 0.056849 -0.051923 -0.043472 0.073538 0.079381 -0.163999 0.041298 -0.115716 -0.040507 -0.017833 0.055090 -0.049713 -0.091900 0.025493 -0.029723 -0.014229 -0.061471 0.088997
-0.636359 -0.118583 0.223559 -0.027524 0.138639 -0.298422 -0.014837 -0.021266 0.055195 -0.112803 0.088064 0.075377 0.015648 0.044471 -0.254438 0.140108 -0.059684 -0.063521 -0.102205 0.042552 -0.014758 0.049278 -0.000861 -0.001330 0.174416 0.006918 -0.072402 -0.044044 0.113984 0.150844 -0.101573 0.018725 -0.145395 0.037988 0.033341 -0.072252 0.120822 -0.063993 -0.099610 0.069068 0.118803 -0.013475 0.087675
-0.582685 -0.102672 0.148868 -0.026342 0.096311 -0.211144 -0.060169 -0.090748 -0.056559 -0.113668 -0.033747 -0.174370 -0.001875 0.126005 -0.196103 0.034603 0.136032 0.147518 -0.001245 0.019210 -0.007428 0.011933 -0.003907 0.041175 -0.000049 -0.024181 0.006873 -0.011774 -0.077214 0.014711 -0.071308 0.137827 0.141909 0.041550 -0.076579 0.171268 -0.117966 -0.151427 -0.010343 0.005323 -0.067955 -0.175952 -0.037150
-0.485162 -0.074910 0.056681 -0.017876 0.055875 -0.085913 -0.058811 -0.077454 -0.066215 -0.086553 -0.133299 -0.149419 -0.031896 0.082349 -0.149475 0.044349 0.243077 0.001876 0.010592 -0.131476 0.024963 0.003839 0.037059 -0.012448 0.056420 -0.021701 -0.004063 0.022821 -0.221875 -0.003307 -0.079008 0.068536 0.088701 0.048857 -0.019475 0.133385 -0.166346 0.016749 0.083870 0.065976 -0.214209 -0.225332 0.227363
-0.585413 -0.077019 0.221631 -0.031235 0.170047 -0.235347 -0.050933 -0.067017 0.009953 -0.118015 -0.009471 0.030011 -0.046579 0.013112 -0.096869 0.000767 0.072378 0.027404 0.047325 -0.037224 0.037308 -0.004281 0.019843 -0.052358 -0.007899 -0.025835 0.022703 -0.005880 0.078895 0.098201 -0.040691 0.087250 0.096741 0.091698 0.029701 0.015038 0.099747 0.043751 -0.018756 0.049331 0.027440 0.005995 0.008460
-0.525148 -0.079026 0.140200 -0.030052 0.074081 -0.239169 -0.033873 -0.075302 0.053025 -0.111259 0.020667 -0.068015 0.073744 0.047175 -0.172093 0.081204 0.088157 -0.004884 -0.108890 0.038575 -0.004486 -0.010408 0.002535 0.021331 0.072424 -0.007366 0.025355 0.061004 -0.065500 0.035056 -0.036243 0.049360 -0.031673 -0.048656 0.022405 0.122601 -0.057679 -0.083044 0.044676 -0.045435 -0.022379 -0.142687 0.027942
-0.617864 -0.057570 0.168052 -0.009522 0.129838 -0.254956 -0.021296 -0.050741 0.039204 -0.069952 0.024801 -0.079264 -0.029714 0.104956 -0.124302 0.105316 -0.001079 -0.034488 -0.050781 0.017699 0.000874 -0.021796 -0.006325 0.000705 0.079202 -0.073999 -0.009330 0.014986 -0.039480 0.135712 -0.054064 0.030060 0.013497 -0.065747 0.015795 0.042446 -0.006836 -0.023415 -0.020969 0.002000 0.026088 -0.129139 0.014822
-0.573198 -0.005902 -0.015933 -0.059341 -0.027697 -0.185295 -0.058885 -0.137343 -0.101551 -0.108673 -0.171839 -0.369835 -0.107056 -0.072916 -0.004347 0.090888 0.221626 0.067096 0.071878 -0.022833 0.010484 -0.009923 -0.006556 -0.025424 -0.027446 0.074356 -0.042523 0.044839 -0.183311 -0.090826 -0.022122 0.174866 0.209621 0.125936 -0.064817 0.060445 -0.112460 -0.277757 0.040093 0.115416 -0.337309 -0.019105 0.109122
-0.543890 -0.011844 -0.014862 -0.023665 -0.022712 -0.128810 -0.122612 -0.124957 -0.160439 -0.085514 -0.191077 -0.320629 -0.062814 -0.126508 -0.063243 0.068961 0.223112 -0.016114 0.003952 -0.093476 -0.034295 0.007741 -0.014423 0.038624 0.011940 0.118571 0.006855 0.119421 -0.185664 -0.214152 0.158201 0.124329 0.261921 -0.011390 -0.064263 0.092791 -0.059209 -0.227276 0.055450 0.097398 -0.313973 -0.069917 0.117165
-0.470034 -0.088764 -0.041233 0.059927 -0.019405 -0.121052 -0.095724 -0.043664 -0.201608 -0.141279 -0.159167 -0.402813 0.011238 -0.033994 -0.050174 0.055605 0.262964 -0.025275 0.020866 -0.152168 -0.015599 0.009868 -0.056089 0.115046 -0.027100 0.094682 -0.027353 0.066932 -0.208862 -0.320966 -0.014382 0.156894 0.119980 -0.153984 -0.367149 0.109630 -0.135332 -0.534545 0.098269 0.015962 -0.474799 -0.110073 0.198994
-0.533665 -0.080022 0.012178 -0.030412 -0.043294 -0.160277 -0.062432 -0.188670 -0.131250 -0.137543 -0.169923 -0.370446 -0.031006 0.001895 -0.105327 0.021583 0.256601 0.027145 0.033703 0.034006 -0.005415 0.135183 0.039875 -0.061552 0.007240 0.056113 -0.023428 0.068646 -0.265168 -0.235687 -0.153444 -0.024915 0.064769 0.033414 -0.120735 0.056893 -0.239817 -0.361981 0.118584 -0.017948 -0.470173 -0.287690 0.538737
-0.559098 -0.093832 0.186190 -0.116956 -0.007269 -0.198272 -0.081124 -0.061167 -0.098198 -0.101259 -0.103698 -0.110227 0.041009 0.073399 -0.234511 0.074243 0.088506 0.006679 -0.138730 -0.036452 0.081424 0.078930 -0.036705 0.160150 0.035452 0.045296 -0.011714 -0.012355 -0.014687 0.031997 -0.087583 0.082572 -0.102325 -0.036215 -0.011922 0.178536 -0.099293 -0.052612 0.032576 -0.180200 -0.347596 -0.331449 0.008515
1.090520 0.142746 0.143446 -0.290433 0.341907 2.198780 0.399433 2.705097 1.644309 -0.042775 0.571214 -1.781151 -0.873952 -0.391732 -0.867365 0.255365 0.352319 -0.103860 -0.089138 0.073116 -0.015193 -0.102279 -0.010609 -0.006505 -0.044686 -0.102495 -0.075947 -0.068411 0.018833 0.024055 -0.042891 0.041037 0.015908 0.054588 0.033913 -0.013278 0.030119 -0.010776 0.010019 0.001168 0.045358 0.015510 -0.039619
2.500611 -1.475909 -2.269377 4.835881 3.068126 -0.170646 -0.367767 -0.041004 0.003611 -0.017213 -0.084529 -0.132671 0.192575 0.036450 -0.003452 -0.133871 0.079217 0.087194 -0.059169 -0.047003 0.055096 0.026146 -0.022530 0.047840 -0.002548 -0.028063 0.037120 -0.056286 0.012673 0.096170 0.024276 -0.019374 0.003123 0.046136 0.024637 0.011445 -0.026831 -0.003088 -0.035254 -0.014458 0.005973 0.018571 -0.009679
4.963303 -6.211048 2.141030 -0.707894 -1.280335 -0.139664 0.028589 -0.137994 -0.087922 0.049541 -0.197372 -0.071007 0.354647 0.047531 0.007630 0.047722 0.009092 -0.048993 -0.021778 -0.021964 -0.015589 -0.044432 -0.008950 -0.057273 0.024992 -0.004347 -0.043666 0.028856 0.001456 0.005490 0.003345 0.018340 0.021739 0.006961 0.006710 -0.006054 0.015337 0.005477 0.026944 0.006374 0.007599 0.002317 0.004811
5.006032 4.283630 4.240726 1.690760 -0.321231 -0.624075 0.052166 -0.392224 -0.001162 -0.120186 -0.184173 0.044416 -0.271191 -0.227351 -0.101753 0.130577 0.154534 0.021487 0.091533 0.008230 -0.029569 -0.036618 0.044588 -0.011549 0.074357 -0.016927 -0.005219 -0.037578 -0.043499 0.002763 0.003759 0.001678 0.003770 0.012376 -0.029243 0.002088 -0.000684 0.001349 0.023036 0.022961 0.003507 -0.007437 0.002705
4.481953 1.130648 -1.514897 -4.029886 3.646189 -0.558723 -0.003625 -0.203986 -0.199336 -0.037351 -0.202650 0.218448 0.000474 0.174642 -0.094626 0.015692 -0.027056 0.012142 0.057685 0.051877 -0.035141 0.013654 0.012610 -0.015621 -0.033900 0.097570 0.039386 0.021037 -0.009802 0.004030 -0.000908 -0.019996 0.025126 -0.015327 -0.023840 -0.004966 0.005687 -0.010538 -0.003756 0.019775 -0.011247 -0.006021 0.017261
0.327076 0.018727 0.198836 -0.066988 -0.090880 0.252737 0.131752 0.258052 0.655345 -0.087938 0.835715 0.132625 -0.032637 -0.393030 0.563604 -0.505425 -1.994058 1.805274 -0.035550 -0.242579 -0.342410 0.641804 0.048393 0.615172 0.157400 0.176886 0.461387 -0.147962 -0.062282 -0.097668 -0.052177 0.128021 0.035020 0.132521 -0.035745 0.098951 -0.089046 -0.083002 0.002126 0.013580 -0.091262 -0.080613 0.083560
0.536378 1.157215 -0.048393 -0.008996 -0.404961 0.929798 0.594833 0.901066 -0.641438 -0.050378 0.833896 -0.334835 3.438598 1.110629 0.312911 -0.078305 0.286443 0.144127 -0.082527 0.102270 0.007484 -0.037604 0.094986 -0.009550 0.079109 0.132036 -0.083134 -0.072913 0.003403 0.130909 -0.014173 0.005642 0.125764 0.093631 -0.000907 -0.048330 0.027937 0.009309 -0.009368 0.005835 -0.036000 0.024948 0.025618
1.145684 0.016296 -0.794560 -0.039623 -0.840444 0.154868 -1.154148 -0.149828 -1.550949 -0.775701 3.261182 0.414412 -1.119232 0.173319 -0.114477 -0.427025 0.707272 0.100866 0.265923 0.235028 0.075256 0.173715 0.024731 -0.137454 0.006985 -0.039221 -0.034198 -0.028001 0.000132 0.004000 0.042357 -0.011686 -0.049979 -0.004539 -0.063817 -0.047485 0.052288 0.024609 -0.021541 0.004859 -0.001830 0.020668 0.002935
1.945127 0.528245 -2.599338 0.320892 -2.024339 -1.760270 3.835601 0.046961 0.415053 -0.243206 0.145083 0.110026 -0.460452 0.156121 -0.239018 -0.095197 0.199251 0.117220 -0.065953 0.008789 0.065096 -0.078349 0.021985 -0.042320 -0.063663 -0.014504 -0.013055 -0.050207 0.153578 -0.037782 -0.063784 -0.011197 0.072427 0.053647 -0.018749 0.012755 0.054013 -0.025821 -0.009245 0.025062 -0.006883 -0.036244 -0.032976
2.056624 0.997756 -2.444382 -0.152645 -2.445941 -1.686334 -3.089871 0.548514 1.760087 0.220565 -0.448697 0.039052 0.530432 0.041513 -0.140532 -0.021400 0.008478 -0.013041 0.113006 0.138408 0.038927 -0.084339 -0.011134 0.033407 0.058796 0.015503 -0.046117 0.023715 0.031181 -0.025652 -0.040486 -0.026239 0.055981 -0.030119 -0.012099 -0.016983 0.034678 0.055154 0.001535 0.033744 0.025437 -0.001194 -0.011948
-0.904518 -0.184512 0.358351 -0.066364 0.260727 -0.382444 -0.002599 -0.081276 0.168116 -0.120613 0.036114 -0.089331 0.009716 0.108279 -0.127919 -0.008871 0.077337 0.099982 -0.010609 0.018858 0.048806 -0.019272 0.029780 -0.026030 0.058719 0.055771 0.019027 0.005514 0.036461 0.145523 -0.041434 -0.097701 0.061880 0.000541 -0.009136 -0.030894 0.041820 0.093739 0.004426 0.000720 0.078265 -0.045668 -0.029355
-0.837570 -0.193909 0.349310 -0.040154 0.244807 -0.266129 0.009784 0.028861 0.171511 -0.108605 0.014560 -0.025945 -0.033502 0.115482 -0.141182 -0.059101 0.031698 0.130552 0.015924 -0.035273 0.074045 0.024621 0.031519 -0.048367 0.089262 0.095527 -0.013982 0.022305 0.052479 0.140150 0.000854 -0.133745 0.006081 -0.022796 0.008366 -0.098918 0.063405 0.102721 0.027436 0.023364 0.076917 -0.037661 -0.055876
-0.875454 -0.184604 0.374326 -0.076912 0.235789 -0.375534 0.004238 -0.072451 0.199382 -0.116497 0.038307 0.006055 0.009640 0.093807 -0.128498 -0.010649 0.021343 0.086856 -0.003126 -0.000856 0.057692 -0.010043 0.034114 -0.012627 0.082815 0.044896 0.033161 -0.007331 0.094799 0.194676 -0.033609 -0.092502 0.011938 -0.004617 0.012879 -0.036049 0.095186 0.107575 -0.015262 -0.007938 0.072765 -0.038671 -0.047306
-0.863922 -0.191134 0.344622 -0.038359 0.272518 -0.335473 -0.010792 -0.024769 0.164794 -0.126242 0.034972 -0.040292 -0.020254 0.087221 -0.128197 -0.020980 0.057967 0.109789 0.014789 -0.008370 0.074048 -0.017052 0.052044 -0.021853 0.062161 0.054928 0.006625 0.010921 0.046183 0.138116 -0.038503 -0.081893 0.069745 -0.005583 -0.010954 -0.076915 0.067357 0.102954 0.027713 0.037497 0.060180 -0.028304 -0.061083
-0.897750 -0.158340 0.380970 -0.048702 0.256104 -0.390839 0.018707 -0.095249 0.199716 -0.123580 0.048747 -0.032163 0.006206 0.085451 -0.095432 0.020757 0.042569 0.077435 -0.016320 0.043398 0.059505 -0.002975 0.035775 -0.020573 0.044530 0.035951 0.035004 -0.007069 0.058794 0.181018 -0.042537 -0.089464 0.048155 -0.009119 0.022451 -0.012958 0.085546 0.094082 -0.016933 -0.003740 0.071912 -0.018703 -0.040918
-0.904133 -0.166312 0.391948 -0.060258 0.270314 -0.369609 -0.000116 -0.152612 0.158083 -0.135274 0.023683 -0.100490 -0.054473 0.148342 -0.087210 -0.017486 0.102498 0.095849 -0.002986 -0.003519 0.054515 -0.003503 0.034200 0.002418 0.058281 0.031824 0.005625 -0.020248 0.051450 0.178264 -0.069094 -0.060591 0.076646 0.005585 0.007334 -0.007088 0.056836 0.054148 0.002045 0.010380 0.036968 -0.046067 -0.080139
-0.866910 -0.179424 0.339092 -0.038545 0.253067 -0.386265 -0.014534 -0.071931 0.173445 -0.131539 0.058585 -0.084945 -0.005461 0.071943 -0.128683 0.025043 0.070979 0.084183 -0.014610 0.020021 0.042809 -0.021825 0.047313 -0.017937 0.047055 0.036976 0.041329 0.010466 0.023060 0.145500 -0.051922 -0.055146 0.079707 0.007231 -0.007594 -0.034445 0.032476 0.081968 0.013998 0.028479 0.070513 -0.035996 -0.048021
-0.774749 -0.128471 0.299508 -0.044375 0.165639 -0.259930 0.004172 -0.063463 0.122541 -0.110813 -0.064306 -0.043871 -0.101354 0.191181 -0.077449 -0.023492 0.099335 0.071179 0.017740 -0.043731 0.081526 0.015217 0.037825 -0.019435 0.060754 0.067075 0.007390 0.004688 0.042148 0.207981 -0.068213 -0.060733 0.049733 0.012164 0.012635 -0.034968 0.090757 0.111319 -0.006056 0.031633 0.011502 -0.020979 -0.037790
-0.899327 -0.175510 0.398509 -0.049384 0.240836 -0.376218 0.023216 -0.050594 0.217881 -0.112825 0.015776 -0.029844 -0.001885 0.098045 -0.117539 -0.024588 0.046055 0.071630 -0.007765 0.006658 0.076472 0.021661 0.037712 -0.022260 0.062639 0.063576 0.028258 0.001141 0.075386 0.182176 -0.019684 -0.105043 0.044705 -0.010696 0.019021 -0.034391 0.110938 0.097775 0.000440 -0.004140 0.058582 -0.006301 -0.055332
-0.593799 -0.060187 0.186995 -0.055425 0.054368 -0.123904 -0.026499 0.002723 0.103496 -0.140452 0.015415 0.101741 -0.058662 0.030346 -0.092835 0.151793 -0.106887 0.040970 0.079032 0.018825 -0.096432 -0.031155 0.036718 -0.051952 0.149415 0.284416 0.040962 0.010408 0.169849 0.213801 -0.016754 -0.138924 -0.142722 0.047078 -0.022409 -0.034225 0.176252 0.099909 -0.129135 0.024251 0.265907 0.158831 -0.226364
-0.646596 -0.114909 0.237906 0.012089 0.219200 -0.256480 0.055256 0.033178 0.151221 -0.219436 0.136021 0.027504 0.131802 -0.073126 -0.057478 -0.004198 -0.103835 -0.182974 -0.032847 0.127011 0.096160 -0.144745 0.068708 0.009827 -0.126990 -0.073640 0.088846 -0.167443 -0.027938 -0.273173 0.100663 -0.122259 -0.071516 -0.296953 -0.483436 -0.078819 -0.250413 -0.074301 -0.336689 0.152871 0.754111 -0.256699 1.041403
-0.560228 -0.073507 0.177919 -0.087417 0.094799 -0.299680 0.012243 -0.034128 0.149071 -0.147815 0.131251 0.045218 0.047281 -0.099554 0.019403 0.058151 -0.203441 -0.059963 -0.037567 0.517041 -0.074952 -0.358996 0.149621 -0.125449 -0.244752 -0.118935 -0.044418 0.062371 -0.227181 -0.420910 0.864930 -0.818076 -0.261936 1.192577 0.786936 -0.378751 -0.550413 -0.174503 0.199061 -0.073129 0.051390 -0.005412 0.081167
-0.527431 -0.061855 0.348864 0.004757 0.330749 -0.043204 -0.163796 -0.028693 0.069739 -0.235164 0.056726 0.269160 0.064741 0.043881 0.044863 -0.057094 -0.168766 -0.181615 -0.083054 0.196283 -0.302482 -0.261997 0.207978 0.214424 -0.216785 -0.264335 -0.603656 -0.858843 1.646360 -0.892733 -0.100070 0.359623 -0.120167 -0.230175 0.508295 0.186302 0.069867 -0.022832 0.089749 -0.056072 -0.208832 0.046901 0.114516
-0.568264 -0.133252 0.290454 0.026939 0.192099 -0.174234 -0.000939 -0.023683 0.162494 -0.143116 -0.003892 0.072261 0.054965 -0.076029 0.043426 0.132029 -0.068275 -0.053615 -0.017563 0.349222 -0.095782 -0.086599 0.034365 0.093051 -0.371068 -0.171550 0.208259 0.100091 -0.375849 -0.473935 0.060231 -0.306167 0.044143 0.184055 -0.113228 -0.003758 1.072522 -0.089992 -0.788984 -0.136537 -0.738265 0.615637 -0.018190
-0.499484 -0.142579 0.203190 0.110351 0.223078 -0.022489 0.153622 0.116509 0.212523 -0.159768 -0.008815 0.056393 0.107167 -0.009519 0.172734 -0.205210 -0.173062 0.010271 0.139135 0.084646 0.158688 -0.095565 0.209273 0.024592 -0.306568 -0.025621 -0.060983 -0.066887 -0.072717 -0.704755 0.342893 -0.372841 -0.065704 -0.745726 -0.866877 -1.003730 -0.178397 -0.035820 0.551201 0.488809 -0.041421 0.286300 -0.461129
-0.831081 -0.154637 0.361364 -0.047409 0.249743 -0.347244 0.009652 -0.081949 0.198477 -0.118385 0.061011 -0.081253 0.014402 0.067970 -0.099422 -0.012912 0.066166 0.098935 -0.016371 0.043193 0.047500 -0.012811 0.024634 -0.043977 0.012784 0.013528 0.035908 0.029381 -0.002794 0.146246 -0.025418 -0.041924 0.075394 0.008106 0.025123 -0.025068 0.026295 0.095864 0.004961 0.014586 0.035901 0.002022 -0.025517
-0.837874 -0.154285 0.366899 -0.026179 0.255844 -0.349482 0.003373 -0.108263 0.175815 -0.133615 0.033412 -0.080232 -0.015146 0.065958 -0.064144 -0.014432 0.067732 0.088214 -0.037389 0.015349 0.039704 -0.008141 0.022147 -0.024928 0.012705 -0.008818 0.045204 0.016670 0.007793 0.126654 -0.033554 -0.044437 0.090882 0.029613 -0.001549 -0.028398 0.071727 0.106363 -0.014013 0.002203 0.014914 0.006616 -0.071965
-0.851618 -0.163974 0.358239 -0.032429 0.274658 -0.344930 0.008696 -0.075303 0.182101 -0.139716 0.036731 -0.057468 -0.023592 0.087886 -0.070767 -0.032079 0.056878 0.061003 0.005937 0.029430 0.035840 -0.048672 0.046337 -0.012944 0.027145 -0.007469 0.030165 0.001188 0.002423 0.120424 -0.034338 -0.071433 0.089989 -0.013783 -0.031769 -0.080410 0.038089 0.080796 -0.082028 0.018220 0.034305 -0.034027 -0.016697
-0.901197 -0.210988 0.400273 -0.030769 0.282714 -0.382336 -0.005266 -0.057070 0.197196 -0.142116 0.035670 -0.054411 -0.008075 0.090743 -0.111280 0.002218 0.043712 0.087858 -0.026724 0.028909 0.019164 -0.025453 0.067872 -0.042986 0.056821 0.061615 0.018832 -0.027521 0.070418 0.138602 -0.051179 -0.092582 0.106547 -0.020981 -0.033964 -0.033362 0.034648 0.078810 -0.033118 0.009867 0.077869 -0.039802 -0.063063
-0.888127 -0.196446 0.398039 -0.058913 0.267618 -0.381113 -0.009980 -0.079262 0.183338 -0.132756 0.038627 -0.092077 -0.014704 0.079736 -0.113158 -0.019288 0.068119 0.095395 -0.041941 0.041805 0.034067 -0.049659 0.041845 -0.010983 0.037836 0.018238 0.034760 0.004233 0.042134 0.127595 -0.022629 -0.085812 0.117995 0.009186 0.033463 -0.066456 0.050249 0.066885 -0.030997 0.009547 0.026230 -0.026930 -0.061573
0.606514 0.334413 -0.661715 0.071439 -0.688877 0.782673 -0.074726 0.260717 -0.890816 0.092130 -0.686353 0.029330 -0.159944 -0.172266 -0.402413 0.077428 -0.196393 -0.054664 0.171715 -0.779619 0.061604 0.271836 -0.305496 -0.072898 0.597615 1.065462 -0.233979 -0.068002 0.453029 0.254890 0.246891 -0.678912 -1.003315 -0.174691 -0.067615 -0.405168 0.190050 -0.054523 -0.259077 -0.260693 -0.284281 -0.204443 0.175473
0.180500 0.204592 -0.462233 0.016427 -0.315463 0.344372 -0.070466 -0.203611 -0.782024 -0.007788 -0.347910 -0.665377 0.002706 -0.339957 0.208253 -0.036186 0.068779 0.134932 0.098722 -0.446312 -0.163444 0.155337 -0.301465 -0.242109 -0.005982 0.030654 -0.021387 -0.033586 -0.515971 -0.982807 -1.323844 -0.642367 0.199356 -0.128522 0.572938 -0.049357 -0.085710 0.644066 -0.030533 0.094216 0.209369 0.020823 0.012455
-0.059255 0.189285 -0.375811 -0.013057 -0.342778 0.271916 -0.144030 -0.005791 -0.830353 -0.038573 -0.544854 -0.503956 -0.157272 -0.198551 -0.081696 -0.112165 0.127850 0.118959 0.275747 -0.694968 -0.014247 0.155650 -0.370572 0.054694 0.179547 0.702546 -0.258330 0.107150 0.106355 -0.595974 1.193328 0.406717 0.966289 0.220293 -0.071840 0.316306 0.175225 0.418924 -0.140627 0.146199 0.316169 -0.042882 -0.160933
0.334052 0.421660 -0.434705 -0.166530 -0.612268 0.604278 -0.141740 -0.482927 -1.123370 0.185474 -0.874734 -0.911873 0.129040 -0.847391 -0.827883 -2.373019 -0.404586 -0.278295 -0.657331 0.850870 0.164795 -0.217291 0.443265 0.053065 -0.102122 -0.242426 0.145261 0.098257 0.084317 0.289345 -0.000840 0.025768 -0.025638 -0.027703 -0.049203 0.080044 0.095375 0.023115 -0.004875 0.010416 0.049758 0.011193 -0.033516
0.432527 0.209829 -0.966995 -0.075783 -0.608719 0.429852 -0.111886 -0.313984 -1.180913 -0.051818 -0.533784 -1.136449 -0.079752 -1.171138 1.315968 1.658702 -0.001505 0.618998 0.377847 1.069845 0.482192 -0.034708 0.629679 -0.057113 -0.074861 -0.164990 0.155320 -0.079250 0.336023 0.408526 0.058038 -0.027922 0.086892 -0.123435 -0.013672 -0.064331 0.103176 0.011415 -0.012533 0.043533 0.076256 -0.105333 -0.027414
-0.308286 -0.041747 0.030081 -0.031573 -0.015866 -0.255015 0.115086 -0.151656 -0.114881 2.945921 0.431535 -0.091668 -0.054520 -0.041368 -0.174931 0.037587 0.584672 -0.204692 0.422501 -0.652377 -0.493202 0.395750 1.419605 0.679432 -0.445940 0.043438 0.244804 -0.027756 -0.076455 -0.049878 0.071495 0.024923 -0.182363 0.018815 0.056141 0.006120 -0.014234 0.093206 -0.036572 -0.067923 0.085574 0.003417 0.001930
-0.080349 0.180243 0.010310 -0.005536 0.135390 0.239733 0.152315 -0.147864 -0.056540 2.038038 0.368272 0.183896 -0.173040 0.065822 0.153690 -0.024558 -0.430778 0.411934 0.106024 0.153554 0.209783 -0.250148 -0.704637 -0.144612 0.620984 -0.961209 -1.324018 0.764736 0.261535 0.076964 -0.076620 -0.302860 0.277844 0.069720 -0.289926 -0.049939 0.000625 -0.090828 -0.151539 -0.030868 -0.050462 -0.063905 0.032435
-0.293438 0.028147 0.180984 0.080835 0.062869 -0.038512 0.112876 -0.066552 0.040700 2.234712 0.541796 0.291307 -0.045729 -0.186839 -0.001567 0.161570 -0.152165 -0.222227 -0.445878 0.778923 0.355782 -0.311579 -1.189928 -0.769157 -0.026048 0.778506 0.883749 -0.707208 -0.028914 -0.115529 -0.023149 0.251316 0.045772 -0.053237 0.079950 0.013290 0.000006 -0.062656 0.144954 0.125386 -0.064283 0.025590 -0.010562
0.594260 0.335162 -0.348228 0.212287 -0.736988 1.241653 -0.371766 0.156184 -0.695017 0.215295 -1.217411 0.200302 -1.282070 2.885224 -0.031634 0.222265 -0.197785 0.554969 -0.409945 0.381014 -0.048720 0.001715 0.197794 0.014931 -0.207333 -0.227976 0.290628 -0.116617 -0.045926 -0.043796 0.041454 -0.033716 0.071590 -0.039023 0.002686 -0.003958 -0.027224 -0.032682 -0.027578 -0.020564 0.101352 0.035884 0.023649
0.724936 0.296089 -0.838876 -0.085801 -0.487385 2.690059 0.218579 -3.282434 1.847499 -0.267278 0.323101 0.215850 0.299823 -0.058965 -0.459946 0.226638 0.250613 -0.051494 0.154777 -0.011534 0.000641 -0.041131 0.054267 0.025387 0.009898 0.123783 0.005170 -0.039062 0.033765 -0.000102 -0.006578 -0.020431 0.077587 0.065738 -0.052474 -0.021841 0.006928 0.003163 -0.034349 0.032330 0.028294 -0.035612 -0.019526
0.107623 0.248429 -0.339620 -0.195276 -0.424067 0.174178 -0.205522 -0.127307 -0.557482 -0.129044 -0.106443 -0.293431 0.104178 -0.295165 0.195207 0.135655 -0.017542 -0.271716 0.062050 -0.961662 -1.011775 -0.355869 -1.037661 0.309878 -0.900723 -0.993824 0.540485 -0.509992 0.294729 0.672933 0.174986 -0.517033 0.110800 0.111279 -0.303378 0.122678 0.026137 0.018056 0.125235 0.143508 -0.049989 -0.070872 -0.006164
-0.277178 0.071100 -0.093864 -0.090533 -0.096127 -0.025321 0.059334 -0.186088 -0.104750 0.007157 -0.129715 -0.244226 -0.044537 -0.000825 0.021542 -0.058047 0.103214 0.116942 0.008592 -0.239943 0.003492 0.130919 -0.229839 -0.001980 0.171536 -0.113266 -0.186486 0.104645 -0.112943 0.206699 -0.024549 0.205761 -0.215819 0.057832 0.176419 0.050033 -0.063751 0.059894 0.505045 0.140813 0.095989 0.709950 0.209315
-0.296389 0.077077 -0.160647 -0.113639 -0.153128 0.032351 -0.064141 -0.146725 -0.224319 -0.051297 -0.219923 -0.168637 -0.089031 -0.109774 0.057908 0.048546 0.146425 0.167858 0.059417 -0.296506 0.095054 0.163881 -0.083074 0.059248 0.139838 0.291497 -0.202803 -0.013324 0.087343 0.295168 -0.089339 0.241274 -0.169003 0.156320 0.052692 0.182347 -0.106858 -0.286730 0.497399 0.000873 0.026167 0.893270 0.156528
-0.270334 0.088209 -0.118278 -0.053733 -0.047067 -0.010827 -0.065904 -0.128918 -0.108871 -0.002031 -0.185993 -0.193504 -0.102219 0.062487 0.177350 -0.021714 0.094782 0.098052 0.051877 -0.237385 0.128173 0.143765 -0.030246 -0.082042 0.059516 -0.031650 -0.094786 0.107827 -0.068905 0.171500 -0.147147 0.140350 -0.170421 0.037207 0.150890 0.181046 -0.080123 -0.042806 0.484261 0.128413 -0.054644 0.454494 0.121574
-0.373398 0.000074 0.016240 -0.127840 -0.047442 -0.148034 -0.197630 -0.126636 -0.365190 -0.127632 -0.173411 -0.294324 0.060390 -0.056334 0.010867 0.029101 0.152478 -0.083249 0.067674 -0.032343 -0.143941 0.061390 -0.140330 0.146478 0.107655 0.170449 -0.042037 -0.203659 0.071891 -0.313339 -0.508145 0.011927 -0.137809 0.398183 -0.437449 0.257886 -0.544018 -0.816587 -0.304388 -0.435925 0.378953 -0.059612 -0.970729
-0.145923 0.087263 -0.122656 -0.127921 -0.184534 -0.055641 0.021971 -0.090985 -0.197791 -0.109936 -0.101304 -0.073494 -0.041152 -0.150490 -0.055359 0.125005 -0.024701 -0.013937 -0.125904 -0.156728 -0.197939 -0.259452 -0.180348 0.071965 0.038763 -0.232651 0.075926 0.011383 -0.062284 0.248355 0.028217 0.908974 -0.059936 -0.074117 0.138533 -0.840149 -0.994227 0.552304 -0.863442 -0.197114 -0.350635 0.348156 -0.007911
-0.259187 0.064916 -0.088408 -0.011192 0.094648 0.015853 0.010864 -0.098089 -0.025488 -0.058312 0.010936 -0.000390 0.081243 0.068977 -0.030358 0.108342 -0.045563 0.081429 -0.041818 0.037654 0.117445 -0.043763 -0.119592 0.000443 -0.034574 -0.367390 -0.038372 0.137774 -0.316188 -0.133436 0.210322 0.437249 -0.584308 -0.016125 0.046424 0.056341 0.155203 0.722620 0.717701 -0.262277 -0.432186 -0.694985 -0.377493
-0.051867 0.196845 -0.233689 0.006218 -0.143829 0.058898 -0.041341 -0.148643 -0.276419 -0.046562 -0.071045 -0.069044 0.104882 -0.148051 -0.008973 0.045700 -0.143390 -0.038613 0.009659 -0.410375 -0.163611 -0.011282 -0.332080 0.034495 -0.154093 -0.367020 -0.002484 0.229116 -0.431031 -0.087211 0.065449 0.728779 -0.038560 -0.334425 0.809529 -0.853970 0.739142 -0.812584 0.095841 -0.255428 0.514354 -0.255520 -0.012156
-0.233305 0.001228 -0.098520 -0.008354 -0.050716 0.077145 0.086197 0.063314 -0.116442 -0.085501 -0.131377 0.132654 0.215947 -0.039557 -0.050767 0.240738 -0.045242 -0.025779 0.042008 0.102592 0.007538 0.100638 -0.193833 -0.019975 -0.037401 -0.376297 -0.103306 0.183816 -0.334881 -0.327817 0.170413 0.441096 -1.156082 0.143587 -0.044210 0.593303 0.076725 0.030855 -0.473523 1.135693 0.234754 -0.042850 -0.174409
-0.199755 0.007128 -0.072367 -0.016258 -0.000571 0.013721 0.162816 0.051123 0.098024 -0.133633 -0.064475 0.126645 0.145534 -0.176318 0.200312 0.167554 -0.036365 -0.081412 0.017333 0.238173 0.019509 -0.102780 -0.187170 -0.010244 -0.080956 -0.294744 0.052333 -0.044942 -0.336374 -0.476257 0.192811 0.208730 -0.472046 0.094819 -0.697246 0.325007 0.166979 0.388849 0.146193 -1.200548 0.419475 0.298700 0.256465
0.047513 0.130146 0.123156 0.189536 0.037118 0.318955 0.016812 0.224606 0.309633 -0.120271 0.188367 0.151261 -0.308764 0.109857 1.359096 -0.286980 0.022902 -0.322022 -0.269048 0.077357 -0.576725 -0.836553 -0.105509 0.157375 -0.793140 0.948086 0.136605 1.478444 0.526116 0.001076 -0.346387 0.175677 -0.126426 0.107875 -0.079530 0.031699 0.007102 0.051611 0.074202 0.029346 0.041284 -0.106477 0.063034
-0.015584 0.018826 -0.016616 -0.002618 -0.060977 0.259335 0.154390 0.179467 0.355609 -0.035414 -0.106035 0.330021 -0.389981 0.025756 1.245366 -0.464671 -0.207058 -0.493411 0.075074 0.375909 -0.310586 0.077570 0.001653 0.184445 -0.648965 0.601519 -1.367274 -0.984122 -0.911026 0.542386 0.024322 0.011267 0.055146 -0.144989 0.082952 0.092698 0.006256 0.049446 -0.105861 0.001285 -0.012377 -0.108582 -0.036206
-0.040962 -0.070810 -0.178040 -0.057261 -0.143466 1.022845 0.019167 1.008172 -0.085881 -0.052102 -0.813028 2.538455 0.090236 -1.130702 -0.023631 -0.046159 1.411013 1.014458 -0.892590 0.199277 -0.428020 0.081025 0.061902 0.139180 0.192401 -0.131867 0.045986 -0.014587 -0.081000 -0.019410 -0.004107 -0.083117 0.167311 -0.023332 0.006704 -0.024332 -0.038955 -0.042253 0.055268 0.040529 0.037090 -0.037969 -0.007177
0.038811 0.176591 -0.424123 0.221602 -0.160750 0.162941 -0.058911 0.123093 -0.225502 -0.163973 0.223788 0.348949 0.032540 -0.231427 -0.205580 0.604153 -1.026766 -0.762388 -0.693086 -0.233028 -1.287863 0.211742 0.864576 -1.669106 0.362852 -0.108547 -0.086550 0.120542 -0.096007 0.057240 0.053883 0.080483 0.210804 -0.053856 -0.164081 0.132258 -0.007290 -0.040644 0.097661 0.012810 -0.046162 0.037370 -0.062982
0.289599 0.173629 -0.293296 0.128063 -0.281305 0.213796 -0.021925 0.187410 -0.558515 -0.157395 0.347068 0.698962 0.022042 -0.192366 -0.582305 1.047224 -0.909615 -1.446958 -1.141522 0.142568 0.579251 0.396353 -0.090368 1.450351 0.115378 0.067617 -0.031819 0.212430 -0.093959 -0.001164 -0.171433 -0.087325 0.320014 0.089105 0.002845 -0.014775 -0.034777 0.095349 0.159323 0.099889 0.028641 0.056364 -0.026532
-0.177903 0.049226 0.149248 -0.062614 0.013542 -0.102566 0.177851 -0.069495 0.316087 -0.068689 0.358616 -0.080392 0.142512 0.008271 0.155837 0.016977 -0.021366 0.016214 -0.198368 0.018503 0.100459 -0.114874 -0.098185 0.060420 -0.006983 -0.122219 0.213272 0.411537 -0.190483 0.030206 0.658721 -0.552862 -0.046740 -1.356331 0.726359 0.752035 -0.452474 -0.158702 -0.218822 -0.299111 -0.013824 0.186499 -0.217573
-0.052252 0.085828 0.177502 0.130779 -0.096896 0.453077 0.126223 0.526737 0.115734 -0.085163 -0.420722 0.903008 0.219458 -0.129525 -0.324981 -0.192278 -0.235099 -0.363086 0.969963 0.191626 0.715937 1.626021 -0.279526 -0.693882 -1.233965 -0.179672 0.045762 0.431372 0.380543 0.091539 -0.070484 0.046821 0.139405 0.047571 0.066294 0.004107 -0.211185 -0.016854 -0.076662 -0.120342 -0.037805 -0.033445 -0.000887
-0.013852 -0.042051 -0.254205 0.214890 -0.158979 0.753559 0.131120 0.754051 -0.464375 -0.141174 -0.241410 1.392328 0.008161 -0.174436 -0.650979 0.001860 -0.792990 -0.272394 1.798924 -0.166475 0.365159 -1.452951 0.379847 0.077379 0.206452 0.011508 0.231976 -0.091404 -0.282850 0.081679 -0.225583 0.100597 0.196536 -0.035854 0.078884 0.230045 -0.063221 -0.075913 0.101197 0.030700 -0.068267 0.025978 -0.006898
0.257372 0.237107 0.018113 -0.281174 -0.054537 0.420584 -0.120293 0.197570 0.424066 -0.009953 0.112263 0.250139 -0.263004 -0.054104 1.547856 -0.491403 0.029109 -0.364388 -0.820503 -1.373906 1.605108 -0.284105 0.519742 -0.518767 0.103544 -0.429179 0.257297 -0.278399 0.085416 -0.045224 0.025183 -0.003431 0.002454 0.241631 -0.023023 0.050942 0.035974 -0.094499 -0.161717 -0.009338 -0.059026 -0.065136 -0.039968
-0.101992 -0.043831 -0.006083 -0.031579 0.050556 0.341766 0.340693 0.282174 0.487339 -0.101602 -0.297246 0.084251 -0.275423 0.248980 1.468904 -0.689191 0.343160 -1.191808 0.866442 0.558445 -0.610553 0.717460 -0.211670 0.360028 1.370064 -0.377084 0.633600 -0.006719 0.118052 -0.075713 0.087408 -0.016751 0.066002 0.029697 0.065958 -0.106272 0.014869 0.004806 0.031636 0.059655 -0.055232 -0.051710 0.034355
